##PERIODIC:: 0.16 0.16 0.16
0.0295109 0.0807029 0.051674 0.00786551
0.0717142 0.073882 0.0792999 0.0116571
0.0357145 0.0965857 0.0901206 0.0133253
0.0263691 0.0252228 0.0490561 0.0139118
0.0561815 0.0562376 0.0460571 0.00587225
0.069199 0.0257268 0.0569137 0.010294
0.0441591 0.0421139 0.0402435 0.00738348
0.0981476 0.0445598 0.0258902 0.0120216
0.0520521 0.086839 0.0869811 0.00546434
0.0402397 0.0522012 0.0821271 0.0104422
0.0835073 0.0615676 0.0488058 0.0118622
0.0713002 0.0897417 0.0437994 0.00550893
0.0917796 0.0946993 0.068355 0.00761819
0.0684607 0.064938 0.0226788 0.0130187
0.0803295 0.0269246 0.0355328 0.00871385
0.0520836 0.0850977 0.032739 0.00800172
0.064402 0.0699289 0.0586147 0.0105565
0.0910749 0.0774541 0.0250673 0.0113879
0.0821376 0.0260905 0.0945176 0.0104003
0.0943193 0.047012 0.0749907 0.0148026
0.0578133 0.0263089 0.0793148 0.0120153
0.0465871 0.0452102 0.0606076 0.012961
0.0352613 0.0593213 0.0993065 0.00614024
0.0678 0.0924494 0.0238892 0.0104088
0.0653195 0.0397221 0.0277505 0.0121958
0.021839 0.0698163 0.0644874 0.0105724
0.0724544 0.0469292 0.080719 0.00624974
0.0385729 0.0744594 0.0305487 0.00594907
0.0295109 0.0807029 0.131674 0.00786551
0.0717142 0.073882 0.1593 0.0116571
0.0357145 0.0965857 0.170121 0.0133253
0.0263691 0.0252228 0.129056 0.0139118
0.0561815 0.0562376 0.126057 0.00587225
0.069199 0.0257268 0.136914 0.010294
0.0441591 0.0421139 0.120244 0.00738348
0.0981476 0.0445598 0.10589 0.0120216
0.0520521 0.086839 0.166981 0.00546434
0.0402397 0.0522012 0.162127 0.0104422
0.0835073 0.0615676 0.128806 0.0118622
0.0713002 0.0897417 0.123799 0.00550893
0.0917796 0.0946993 0.148355 0.00761819
0.0684607 0.064938 0.102679 0.0130187
0.0803295 0.0269246 0.115533 0.00871385
0.0520836 0.0850977 0.112739 0.00800172
0.064402 0.0699289 0.138615 0.0105565
0.0910749 0.0774541 0.105067 0.0113879
0.0821376 0.0260905 0.174518 0.0104003
0.0943193 0.047012 0.154991 0.0148026
0.0578133 0.0263089 0.159315 0.0120153
0.0465871 0.0452102 0.140608 0.012961
0.0352613 0.0593213 0.179306 0.00614024
0.0678 0.0924494 0.103889 0.0104088
0.0653195 0.0397221 0.107751 0.0121958
0.021839 0.0698163 0.144487 0.0105724
0.0724544 0.0469292 0.160719 0.00624974
0.0385729 0.0744594 0.110549 0.00594907
0.0295109 0.160703 0.051674 0.00786551
0.0717142 0.153882 0.0792999 0.0116571
0.0357145 0.176586 0.0901206 0.0133253
0.0263691 0.105223 0.0490561 0.0139118
0.0561815 0.136238 0.0460571 0.00587225
0.069199 0.105727 0.0569137 0.010294
0.0441591 0.122114 0.0402435 0.00738348
0.0981476 0.12456 0.0258902 0.0120216
0.0520521 0.166839 0.0869811 0.00546434
0.0402397 0.132201 0.0821271 0.0104422
0.0835073 0.141568 0.0488058 0.0118622
0.0713002 0.169742 0.0437994 0.00550893
0.0917796 0.174699 0.068355 0.00761819
0.0684607 0.144938 0.0226788 0.0130187
0.0803295 0.106925 0.0355328 0.00871385
0.0520836 0.165098 0.032739 0.00800172
0.064402 0.149929 0.0586147 0.0105565
0.0910749 0.157454 0.0250673 0.0113879
0.0821376 0.10609 0.0945176 0.0104003
0.0943193 0.127012 0.0749907 0.0148026
0.0578133 0.106309 0.0793148 0.0120153
0.0465871 0.12521 0.0606076 0.012961
0.0352613 0.139321 0.0993065 0.00614024
0.0678 0.172449 0.0238892 0.0104088
0.0653195 0.119722 0.0277505 0.0121958
0.021839 0.149816 0.0644874 0.0105724
0.0724544 0.126929 0.080719 0.00624974
0.0385729 0.154459 0.0305487 0.00594907
0.0295109 0.160703 0.131674 0.00786551
0.0717142 0.153882 0.1593 0.0116571
0.0357145 0.176586 0.170121 0.0133253
0.0263691 0.105223 0.129056 0.0139118
0.0561815 0.136238 0.126057 0.00587225
0.069199 0.105727 0.136914 0.010294
0.0441591 0.122114 0.120244 0.00738348
0.0981476 0.12456 0.10589 0.0120216
0.0520521 0.166839 0.166981 0.00546434
0.0402397 0.132201 0.162127 0.0104422
0.0835073 0.141568 0.128806 0.0118622
0.0713002 0.169742 0.123799 0.00550893
0.0917796 0.174699 0.148355 0.00761819
0.0684607 0.144938 0.102679 0.0130187
0.0803295 0.106925 0.115533 0.00871385
0.0520836 0.165098 0.112739 0.00800172
0.064402 0.149929 0.138615 0.0105565
0.0910749 0.157454 0.105067 0.0113879
0.0821376 0.10609 0.174518 0.0104003
0.0943193 0.127012 0.154991 0.0148026
0.0578133 0.106309 0.159315 0.0120153
0.0465871 0.12521 0.140608 0.012961
0.0352613 0.139321 0.179306 0.00614024
0.0678 0.172449 0.103889 0.0104088
0.0653195 0.119722 0.107751 0.0121958
0.021839 0.149816 0.144487 0.0105724
0.0724544 0.126929 0.160719 0.00624974
0.0385729 0.154459 0.110549 0.00594907
0.109511 0.0807029 0.051674 0.00786551
0.151714 0.073882 0.0792999 0.0116571
0.115715 0.0965857 0.0901206 0.0133253
0.106369 0.0252228 0.0490561 0.0139118
0.136181 0.0562376 0.0460571 0.00587225
0.149199 0.0257268 0.0569137 0.010294
0.124159 0.0421139 0.0402435 0.00738348
0.178148 0.0445598 0.0258902 0.0120216
0.132052 0.086839 0.0869811 0.00546434
0.12024 0.0522012 0.0821271 0.0104422
0.163507 0.0615676 0.0488058 0.0118622
0.1513 0.0897417 0.0437994 0.00550893
0.17178 0.0946993 0.068355 0.00761819
0.148461 0.064938 0.0226788 0.0130187
0.16033 0.0269246 0.0355328 0.00871385
0.132084 0.0850977 0.032739 0.00800172
0.144402 0.0699289 0.0586147 0.0105565
0.171075 0.0774541 0.0250673 0.0113879
0.162138 0.0260905 0.0945176 0.0104003
0.174319 0.047012 0.0749907 0.0148026
0.137813 0.0263089 0.0793148 0.0120153
0.126587 0.0452102 0.0606076 0.012961
0.115261 0.0593213 0.0993065 0.00614024
0.1478 0.0924494 0.0238892 0.0104088
0.14532 0.0397221 0.0277505 0.0121958
0.101839 0.0698163 0.0644874 0.0105724
0.152454 0.0469292 0.080719 0.00624974
0.118573 0.0744594 0.0305487 0.00594907
0.109511 0.0807029 0.131674 0.00786551
0.151714 0.073882 0.1593 0.0116571
0.115715 0.0965857 0.170121 0.0133253
0.106369 0.0252228 0.129056 0.0139118
0.136181 0.0562376 0.126057 0.00587225
0.149199 0.0257268 0.136914 0.010294
0.124159 0.0421139 0.120244 0.00738348
0.178148 0.0445598 0.10589 0.0120216
0.132052 0.086839 0.166981 0.00546434
0.12024 0.0522012 0.162127 0.0104422
0.163507 0.0615676 0.128806 0.0118622
0.1513 0.0897417 0.123799 0.00550893
0.17178 0.0946993 0.148355 0.00761819
0.148461 0.064938 0.102679 0.0130187
0.16033 0.0269246 0.115533 0.00871385
0.132084 0.0850977 0.112739 0.00800172
0.144402 0.0699289 0.138615 0.0105565
0.171075 0.0774541 0.105067 0.0113879
0.162138 0.0260905 0.174518 0.0104003
0.174319 0.047012 0.154991 0.0148026
0.137813 0.0263089 0.159315 0.0120153
0.126587 0.0452102 0.140608 0.012961
0.115261 0.0593213 0.179306 0.00614024
0.1478 0.0924494 0.103889 0.0104088
0.14532 0.0397221 0.107751 0.0121958
0.101839 0.0698163 0.144487 0.0105724
0.152454 0.0469292 0.160719 0.00624974
0.118573 0.0744594 0.110549 0.00594907
0.109511 0.160703 0.051674 0.00786551
0.151714 0.153882 0.0792999 0.0116571
0.115715 0.176586 0.0901206 0.0133253
0.106369 0.105223 0.0490561 0.0139118
0.136181 0.136238 0.0460571 0.00587225
0.149199 0.105727 0.0569137 0.010294
0.124159 0.122114 0.0402435 0.00738348
0.178148 0.12456 0.0258902 0.0120216
0.132052 0.166839 0.0869811 0.00546434
0.12024 0.132201 0.0821271 0.0104422
0.163507 0.141568 0.0488058 0.0118622
0.1513 0.169742 0.0437994 0.00550893
0.17178 0.174699 0.068355 0.00761819
0.148461 0.144938 0.0226788 0.0130187
0.16033 0.106925 0.0355328 0.00871385
0.132084 0.165098 0.032739 0.00800172
0.144402 0.149929 0.0586147 0.0105565
0.171075 0.157454 0.0250673 0.0113879
0.162138 0.10609 0.0945176 0.0104003
0.174319 0.127012 0.0749907 0.0148026
0.137813 0.106309 0.0793148 0.0120153
0.126587 0.12521 0.0606076 0.012961
0.115261 0.139321 0.0993065 0.00614024
0.1478 0.172449 0.0238892 0.0104088
0.14532 0.119722 0.0277505 0.0121958
0.101839 0.149816 0.0644874 0.0105724
0.152454 0.126929 0.080719 0.00624974
0.118573 0.154459 0.0305487 0.00594907
0.109511 0.160703 0.131674 0.00786551
0.151714 0.153882 0.1593 0.0116571
0.115715 0.176586 0.170121 0.0133253
0.106369 0.105223 0.129056 0.0139118
0.136181 0.136238 0.126057 0.00587225
0.149199 0.105727 0.136914 0.010294
0.124159 0.122114 0.120244 0.00738348
0.178148 0.12456 0.10589 0.0120216
0.132052 0.166839 0.166981 0.00546434
0.12024 0.132201 0.162127 0.0104422
0.163507 0.141568 0.128806 0.0118622
0.1513 0.169742 0.123799 0.00550893
0.17178 0.174699 0.148355 0.00761819
0.148461 0.144938 0.102679 0.0130187
0.16033 0.106925 0.115533 0.00871385
0.132084 0.165098 0.112739 0.00800172
0.144402 0.149929 0.138615 0.0105565
0.171075 0.157454 0.105067 0.0113879
0.162138 0.10609 0.174518 0.0104003
0.174319 0.127012 0.154991 0.0148026
0.137813 0.106309 0.159315 0.0120153
0.126587 0.12521 0.140608 0.012961
0.115261 0.139321 0.179306 0.00614024
0.1478 0.172449 0.103889 0.0104088
0.14532 0.119722 0.107751 0.0121958
0.101839 0.149816 0.144487 0.0105724
0.152454 0.126929 0.160719 0.00624974
0.118573 0.154459 0.110549 0.00594907
